x1 <- 17.62/20 *(2+6+8+7+6+5+5)

x2 <- 14.87/20 *(2+5+4+5+5+4+5+5+4+5+5+4)

x3 <- 15.54/20 *(2+3+5+2+3+5+5+3+3+4+3+3+3+5+5+5)

x4 <- (2+6+8+7+6+5+5) + (2+5+4+5+5+4+5+5+4+5+5+4) + (2+3+5+2+3+5+5+3+3+4+3+3+3+5+5+5)

bac_rate <- ((x1+x2+x3)/x4)*20

bac_rate20 <- (((x1+x2+x3+(5)))/(x4+5))*20

bac_rate16 <- (((x1+x2+x3+(0.8*5)))/(x4+5))*20
