x1 <- 17.62/20 *(2+6+8+7+6+5+5)

x2 <- 14.87/20 *(2+5+4+5+5+4+5+5+4+5+5+4)

x3 <- 15.54/20 *(2+3+5+2+3+5+5+3+3+4+3+3+3+5+5+5)

x4 <- (2+6+8+7+6+5+5) + (2+5+4+5+5+4+5+5+4+5+5+4) + (2+3+5+2+3+5+5+3+3+4+3+3+3+5+5+5)

bac_rate <- ((x1+x2+x3)/x4)*20

bac_rate20 <- (((x1+x2+x3+(5)))/(x4+5))*20

bac_rate16 <- (((x1+x2+x3+(0.8*5)))/(x4+5))*20



#emilie's rate

b1 <- (15.5*4 + 17.5*3 + 15*4 + 14*4 + 13.5*1 + 14.5*5 + 14.5*17)/20
b2 <- 4+3+4+4+1+5+17

bac1_rate <- (b1/b2)*20
bac1_rate
